*************************************************************************
Training a YOLO v4 Object Detector for the following object classes:

* bee
* wasp

 
    Epoch    Iteration    TimeElapsed    LearnRate    TrainingLoss    ValidationLoss
    _____    _________    ___________    _________    ____________    ______________
Starting parallel pool (parpool) using the 'Processes' profile ...
Connected to the parallel pool (number of workers: 1).
      1         20         00:06:07        0.001         292.33                     
      1         40         00:09:44        0.001         90.325                     
      2         60         00:15:14        0.001         47.685                     
      2         80         00:18:38        0.001         114.26                     
      3         100        00:23:12        0.001         28.729           31.646    
      3         120        00:27:24        0.001         24.547                     
      4         140        00:31:54        0.001         19.808                     
      4         160        00:36:14        0.001         16.569                     
      4         180        00:39:35        0.001         17.434                     
      5         200        00:44:14        0.001         16.496           18.217    
      5         220        00:48:37        0.001         14.169                     
      6         240        00:53:13        0.001         12.598                     
      6         260        00:57:26        0.001         12.506                     
      7         280        01:01:58        0.001         11.123                     
      7         300        01:05:22        0.001         9.7988           14.877    
      7         320        01:09:32        0.001         13.819                     
      8         340        01:14:02        0.001         8.6269                     
      8         360        01:18:14        0.001         20.003                     
      9         380        01:22:43        0.001         9.4546                     
      9         400        01:26:04        0.001         9.9301           13.247    
     10         420        01:31:24        0.001         8.4943                     
     10         440        01:34:46        0.001         7.8875                     
     10         460        01:39:11        0.001         7.6411           12.844    
     11         480        01:43:29        0.001         6.5258                     
     11         500        01:46:51        0.001         7.6529           11.997    
     12         520        01:52:12        0.001         9.5778                     
     12         540        01:55:34        0.001         7.3679                     
     13         560        02:00:50        0.001         5.1841                     
     13         580        02:04:17        0.001         5.7754                     
     14         600        02:08:47        0.001         6.4723           11.752    
     14         620        02:12:59        0.001         7.0033                     
     14         640        02:16:20        0.001         4.6194                     
     15         660        02:21:56        0.001         8.1215                     
     15         680        02:25:26        0.001         8.223                      
     16         700        02:30:07        0.001         4.4283           11.258    
     16         720        02:34:17        0.001         5.9434                     
     17         740        02:38:44        0.001         5.5208                     
     17         760        02:43:00        0.001         4.4609                     
     17         780        02:46:20        0.001         4.9261                     
     18         800        02:50:51        0.001         4.3116           12.098    
     18         820        02:55:04        0.001         4.6087                     
     19         840        02:59:35        0.001         5.0467                     
     19         860        03:03:48        0.001         3.3056                     
     20         880        03:08:19        0.001         2.8625                     
     20         900        03:11:43        0.001         3.884            11.565    
     20         920        03:16:06        0.001         6.8619           11.302    
     21         940        03:20:24        0.001         3.6871                     
     21         960        03:24:36        0.001         4.0989                     
     22         980        03:29:05        0.001         5.1346                     
     22        1000        03:32:26        0.001         3.5614           12.187    
     23        1020        03:37:52        0.001         2.7872                     
     23        1040        03:41:21        0.001         5.4682                     
     24        1060        03:46:39        0.001         2.4426                     
     24        1080        03:50:03        0.001         5.2787                     
     24        1100        03:53:25        0.001         4.2008           12.042    
     25        1120        03:58:44        0.001         3.1525                     
     25        1140        04:02:07        0.001          3.29                      
     26        1160        04:06:38        0.001         6.7355                     
     26        1180        04:10:00        0.001         2.4891                     
     27        1200        04:14:31        0.001         14.408           12.241    
     27        1220        04:18:43        0.001         4.079                      
     27        1240        04:22:04        0.001         1.6204                     
     28        1260        04:27:24        0.001         2.154                      
     28        1280        04:30:47        0.001         3.587                      
     29        1300        04:35:17        0.001         2.4375           12.303    
     29        1320        04:39:31        0.001         2.3248                     
     30        1340        04:44:03        0.001         2.3569                     
     30        1360        04:48:16        0.001         3.0414                     
     30        1380        04:51:51        0.001         1.151            12.501    
     31        1400        04:56:12        0.001         1.409            12.179    
     31        1420        05:00:25        0.001         4.8396                     
     32        1440        05:04:59        0.001         2.0861                     
     32        1460        05:09:12        0.001         3.8604                     
     33        1480        05:13:45        0.001         1.9207                     
     33        1500        05:17:10        0.001         2.6268           13.115    
     34        1520        05:22:30        0.001         1.8765                     
     34        1540        05:26:00        0.001         1.6218                     
     34        1560        05:30:25        0.001         1.0678                     
     35        1580        05:35:00        0.001         1.7821                     
     35        1600        05:38:24        0.001         1.9594           12.167    
     36        1620        05:43:47        0.001         1.6469                     
     36        1640        05:47:10        0.001        0.75772                     
     37        1660        05:52:31        0.001         1.0483                     
     37        1680        05:55:57        0.001         2.1952                     
     37        1700        05:59:21        0.001         1.1274           13.242    
     38        1720        06:04:44        0.001        0.88631                     
     38        1740        06:08:09        0.001         1.6222                     
     39        1760        06:13:35        0.001         2.0046                     
     39        1780        06:17:00        0.001         1.235                      
     40        1800        06:21:34        0.001         1.591            13.733    
     40        1820        06:25:49        0.001         4.7707                     
     40        1840        06:29:25        0.001         5.8385           14.046    
     41        1860        06:34:38        0.001         1.144                      
     41        1880        06:38:04        0.001         1.169                      
     42        1900        06:42:38        0.001         1.6146           13.485    
     42        1920        06:46:54        0.001         1.2337                     
     43        1940        06:51:30        0.001         1.0663                     
     43        1960        06:55:45        0.001         3.8204                     
     44        1980        07:00:19        0.001         1.2514                     
     44        2000        07:03:46        0.001         4.8396           14.196    
     44        2020        07:08:01        0.001         9.6257                     
     45        2040        07:12:36        0.001         11.131                     
     45        2060        07:16:50        0.001         12.607                     
     46        2080        07:21:24        0.001         10.954                     
     46        2100        07:24:48        0.001         7.3065           12.418    
     47        2120        07:30:13        0.001         7.6718                     
     47        2140        07:33:39        0.001         6.0751                     
     47        2160        07:38:04        0.001         15.461                     
     48        2180        07:42:40        0.001         6.2866                     
     48        2200        07:46:10        0.001         4.7818           11.981    
     49        2220        07:51:37        0.001         3.8073                     
     49        2240        07:55:03        0.001         6.6557                     
     50        2260        08:00:28        0.001         4.6941                     
     50        2280        08:03:54        0.001         6.4154                     
     50        2300        08:07:33        0.001         13.575           62.976    
     51        2320        08:11:57        0.001         3.3786                     
     51        2340        08:15:23        0.001         3.1977                     
     52        2360        08:20:48        0.001         3.7837                     
     52        2380        08:24:14        0.001         7.4723                     
     53        2400        08:28:49        0.001         6.5336           11.752    
     53        2420        08:33:05        0.001         7.9766                     
     54        2440        08:37:41        0.001         4.3254                     
     54        2460        08:42:00        0.001         12.109                     
     54        2480        08:45:27        0.001         7.1932                     
     55        2500        08:50:03        0.001         5.3345           27.958    
     55        2520        08:54:21        0.001         6.0561                     
     56        2540        08:58:58        0.001         2.684                      
     56        2560        09:03:15        0.001         3.4495                     
     57        2580        09:07:50        0.001         2.492                      
     57        2600        09:11:18        0.001         1.9626           53.795    
     57        2620        09:15:36        0.001         6.7025                     
     58        2640        09:20:15        0.001         3.7392                     
     58        2660        09:24:34        0.001         3.1792                     
     59        2680        09:29:12        0.001         5.9608                     
     59        2700        09:32:39        0.001         8.977            12.823    
     60        2720        09:38:08        0.001         2.6985                     
     60        2740        09:41:37        0.001         6.5301                     
     60        2760        09:46:07        0.001         2.4445           12.279    
     61        2780        09:50:35        0.001         5.9156                     
     61        2800        09:54:03        0.001         3.4513           12.887    
     62        2820        09:59:30        0.001         1.207                      
     62        2840        10:03:14        0.001         11.559                     
     63        2860        10:08:41        0.001         1.9157                     
     63        2880        10:12:13        0.001         3.7507                     
     64        2900        10:16:49        0.001         1.6677           11.532    
     64        2920        10:21:11        0.001         4.0468                     
     64        2940        10:24:40        0.001         3.109                      
     65        2960        10:30:11        0.001         1.3072                     
     65        2980        10:33:40        0.001         1.3601                     
     66        3000        10:38:35        0.001         4.044            12.895    
     66        3020        10:43:15        0.001         2.9311                     
     67        3040        10:48:09        0.001         2.3998                     
     67        3060        10:52:44        0.001         1.3146                     
     67        3080        10:56:24        0.001         3.0309                     
     68        3100        11:01:10        0.001        0.91349           12.302    
     68        3120        11:05:30        0.001         2.0562                     
     69        3140        11:10:11        0.001         1.6219                     
     69        3160        11:14:32        0.001         3.8999                     
     70        3180        11:19:13        0.001        0.94851                     
     70        3200        11:22:42        0.001         2.9604           13.601    
     70        3220        11:27:17        0.001         1.2449           13.727    

*************************************************************************
Detector training complete.
*************************************************************************